7 6 10 20 1 0
0 1
0 2
1 3
1 4
4 6
2 5

4 3 1000000000 2000000000 0 2
0 1
0 2
1 3

2 1 1 2 0 1
1 0

5 4 1 2 3 4
0 1
1 2
2 3
3 4

10 9 2 4 3 6
0 1
1 3
1 4
0 2
2 5
2 6
2 7
5 8
5 9

4 6 2 4 0 1
0 1
0 2
0 3
1 2
2 3
1 3

10 13 2 4 1 9
0 1
1 3
1 4
0 2
2 5
2 6
2 7
5 8
5 9
4 8
4 5
3 2
8 9

4 4 1 3 1 3
0 1
0 2
0 3
1 2

7 8 1 2 4 1
0 1
1 2
2 0
4 5
5 6
6 4
0 4
1 6

5 6 1 2 0 4
0 1
1 4
0 2
2 4
0 3
3 4

8 10 1 2 4 7
1 3
1 6
4 5
0 2
2 4
3 7
4 6
0 6
1 7
0 5

15 30 1 2 10 11
9 13
10 12
2 9
13 14
10 13
3 8
1 12
2 6
3 14
7 11
8 14
1 9
0 1
1 8
4 11
4 7
1 4
11 14
9 11
2 13
6 9
8 13
3 6
1 2
5 12
6 8
5 10
6 13
0 9
0 13

4 4 1 2 1 3
2 1
0 3
0 1
3 2

10 10 1 2 6 7
0 8
1 2
5 9
7 8
2 3
0 1
4 6
4 8
2 6
0 5